2
6
13
22
41
63
89
115
145
192
234
294
353
427
491
574
644
740
846
944
1053
1146
1256
1383
1528
1653
1805
1914
2072
2244
2406
2579
2722
2882
3069
3282
3467
3687
3836
4054
4290
4516
4753
4946
5156
5403
5684
5929
6217
6406
6684
6984
7274
7575
7818
8078
8385
8734
9039
9395
9624
9962
10326
10680
11045
11338
11648
12015
12432
12797
13221
13490
13888
14316
14734
15163
15506
15866
16293
16778
17203
17695
18004
18462
18954
19436
19929
20322
20732
21219
21772
22257
22817
23166
23684
24240
24786
25343
25786
26246
26793
27414
27959
28587
28976
29554
30174
30784
31405
31898
32408
33015
33704
34309
35005
35434
36072
36756
37430
38115
38658
39218
39885
40642
41307
42071
42540
43238
43986
44724
45473
46066
46676
47403
48228
48953
49785
50294
51052
51864
52666
53479
54122
54782
55569
56462
57247
58147
58696
59514
60390
61256
62133
62826
63536
64383
65344
66189
67157
67746
68624
69564
70494
71435
72178
72938
73845
74874
75779
76815
77444
78382
79386
80380
81385
82178
82988
83955
85052
86017
87121
87790
88788
89856
90914
91983
92826
93686
94713
95878
96903
98075
98784
99842
100974
102096
103229
104122
105032
106119
107352
108437
109677
110426
111544
112740
113926
115123
116066
117026
118173
119474
120619
121927
122716
123894
125154
126404
127665
128658
129668
130875
132244
133449
134825
135654
136892
138216
139530
140855
141898
142958
144225
145662
146927
148371
149240
150538
151926
153304
154693
155786
156896
158223
159728
161053
162565
163474
164832
166284
167726
169179
170322
171482
172869
174442
175827
177407
178356
179774
181290
182796
184313
185506
186716
188163
189804
191249
192897
193886
195364
196944
198514
200095
201338
202598
204105
205814
207319
209035
210064
211602
213246
214880
216525
217818
219128
220695
222472
224037
225821
226890
228488
230196
231894
233603
234946
236306
237933
239778
241403
243255
244364
246022
247794
249556
251329
252722
254132
255819
257732
259417
261337
262486
264204
266040
267866
269703
271146
272606
274353
276334
278079
280067
281256
283034
284934
286824
288725
290218
291728
293535
295584
297389
299445
300674
302512
304476
306430
308395
309938
311498
313365
315482
317347
319471
320740
322638
324666
326684
328713
330306
331916
333843
336028
337953
340145
341454
343412
345504
347586
349679
351322
352982
354969
357222
359207
361467
362816
364834
366990
369136
371293
372986
374696
376743
379064
381109
383437
384826
386904
389124
391334
393555
395298
397058
399165
401554
403659
406055
407484
409622
411906
414180
416465
418258
420068
422235
424692
426857
429321
430790
432988
435336
437674
440023
441866
443726
445953
448478
450703
453235
454744
457002
459414
461816
464229
466122
468032
470319
472912
475197
477797
479346
481664
484140
486606
489083
491026
492986
495333
497994
500339
503007
504596
506974
509514
512044
514585
516578
518588
520995
523724
526129
528865
530494
532932
535536
538130
540735
542778
544838
547305
550102
552567
555371
557040
559538
562206
564864
567533
569626
571736
574263
577128
579653
582525
584234
586792
589524
592246
594979
597122
599282
601869
604802
607387
610327
612076
614694
617490
620276
623073
625266
627476
630123
633124
635769
638777
640566
643244
646104
648954
651815
654058
656318
659025
662094
664799
667875
669704
