2
4
6
9
13
16
22
30
41
50
63
74
89
99
115
129
145
165
192
216
234
261
294
326
353
395
427
460
491
537
574
605
644
689
740
784
846
894
944
989
1053
1107
1146
1196
1256
1324
1383
1464
1528
1594
1653
1735
1805
1853
1914
1988
2072
2145
2244
2324
2406
2479
2579
2665
2722
2794
2882
2982
3069
3186
3282
3380
3467
3585
3687
3753
3836
3938
4054
4155
4290
4402
4516
4617
4753
4871
4946
5040
5156
5288
5403
5556
5684
5814
5929
6083
6217
6301
6406
6536
6684
6813
6984
7128
7274
7403
7575
7725
7818
7934
8078
8242
8385
8574
8734
8896
9039
9229
9395
9497
9624
9782
9962
10119
10326
10502
10680
10837
11045
11227
11338
11476
11648
11844
12015
12240
12432
12626
12797
13023
13221
13341
13490
13676
13888
14073
14316
14524
14734
14919
15163
15377
15506
15666
15866
16094
16293
16554
16778
17004
17203
17465
17695
17833
18004
18218
18462
18675
18954
19194
19436
19649
19929
20175
20322
20504
20732
20992
21219
21516
21772
22030
22257
22555
22817
22973
23166
23408
23684
23925
24240
24512
24786
25027
25343
25621
25786
25990
26246
26538
26793
27126
27414
27704
27959
28293
28587
28761
28976
29246
29554
29823
30174
30478
30784
31053
31405
31715
31898
32124
32408
32732
33015
33384
33704
34026
34309
34679
35005
35197
35434
35732
36072
36369
36756
37092
37430
37727
38115
38457
38658
38906
39218
39574
39885
40290
40642
40996
41307
41713
42071
42281
42540
42866
43238
43563
43986
44354
44724
45049
45473
45847
46066
46336
46676
47064
47403
47844
48228
48614
48953
49395
49785
50013
50294
50648
51052
51405
51864
52264
52666
53019
53479
53885
54122
54414
54782
55202
55569
56046
56462
56880
57247
57725
58147
58393
58696
59078
59514
59895
60390
60822
61256
61637
62133
62571
62826
63140
63536
63988
64383
64896
65344
65794
66189
66703
67157
67421
67746
68156
68624
69033
69564
70028
70494
70903
71435
71905
72178
72514
72938
73422
73845
74394
74874
75356
75779
76329
76815
77097
77444
77882
78382
78819
79386
79882
80380
80817
81385
81887
82178
82536
82988
83504
83955
84540
85052
85566
86017
86603
87121
87421
87790
88256
88788
89253
89856
90384
90914
91379
91983
92517
92826
93206
93686
94234
94713
95334
95878
96424
96903
97525
98075
98393
98784
99278
99842
100335
100974
101534
102096
102589
103229
103795
104122
104524
105032
105612
106119
106776
107352
107930
108437
109095
109677
110013
110426
110948
111544
112065
112740
113332
113926
114447
115123
115721
116066
116490
117026
117638
118173
118866
119474
120084
120619
121313
121927
122281
122716
123266
123894
124443
125154
125778
126404
126953
127665
128295
128658
129104
129668
130312
130875
131604
132244
132886
133449
134179
134825
135197
135654
136232
136892
137469
138216
138872
139530
140107
140855
141517
141898
142366
142958
143634
144225
144990
145662
146336
146927
147693
148371
148761
149240
149846
150538
151143
151926
152614
153304
153909
154693
155387
155786
156276
156896
157604
158223
159024
159728
160434
161053
161855
162565
162973
163474
164108
164832
165465
166284
167004
167726
168359
169179
169905
170322
170834
171482
172222
172869
173706
174442
175180
175827
176665
177407
177833
178356
179018
179774
180435
181290
182042
182796
183457
184313
185071
185506
186040
186716
187488
188163
189036
189804
190574
191249
192123
192897
193341
193886
194576
195364
196053
196944
197728
198514
199203
200095
200885
201338
201894
202598
203402
204105
205014
205814
206616
207319
208229
209035
209497
210064
210782
211602
212319
213246
214062
214880
215597
216525
217347
217818
218396
219128
219964
220695
221640
222472
223306
224037
224983
225821
226301
226890
227636
228488
229233
230196
231044
231894
232639
233603
234457
234946
235546
236306
237174
237933
238914
239778
240644
241403
242385
243255
243753
244364
245138
246022
246795
247794
248674
249556
250329
251329
252215
252722
253344
254132
255032
255819
256836
257732
258630
259417
260435
261337
261853
262486
263288
264204
265005
266040
266952
267866
268667
269703
270621
271146
271790
272606
273538
274353
275406
276334
277264
278079
279133
280067
280601
281256
282086
283034
283863
284934
285878
286824
287653
288725
289675
290218
290884
291728
292692
293535
294624
295584
296546
297389
298479
299445
299997
300674
301532
302512
303369
304476
305452
306430
307287
308395
309377
309938
310626
311498
312494
313365
314490
315482
316476
317347
318473
319471
320041
320740
321626
322638
323523
324666
325674
326684
327569
328713
329727
330306
331016
331916
332944
333843
335004
336028
337054
337953
339115
340145
340733
341454
342368
343412
344325
345504
346544
347586
348499
349679
350725
351322
352054
352982
354042
354969
356166
357222
358280
359207
360405
361467
362073
362816
363758
364834
365775
366990
368062
369136
370077
371293
372371
372986
373740
374696
375788
376743
377976
379064
380154
381109
382343
383437
384061
384826
385796
386904
387873
389124
390228
391334
392303
393555
394665
395298
396074
397058
398182
399165
400434
401554
402676
403659
404929
406055
406697
407484
408482
409622
410619
411906
413042
414180
415177
416465
417607
418258
419056
420068
421224
422235
423540
424692
425846
426857
428163
429321
429981
430790
431816
432988
434013
435336
436504
437674
438699
440023
441197
441866
442686
443726
444914
445953
447294
448478
449664
450703
452045
453235
453913
454744
455798
457002
458055
459414
460614
461816
462869
464229
465435
466122
466964
468032
469252
470319
471696
472912
474130
475197
476575
477797
478493
479346
480428
481664
482745
484140
485372
486606
487687
489083
490321
491026
491890
492986
494238
495333
496746
497994
499244
500339
501753
503007
503721
504596
505706
506974
508083
509514
510778
512044
513153
514585
515855
516578
517464
518588
519872
520995
522444
523724
525006
526129
527579
528865
529597
530494
531632
532932
534069
535536
536832
538130
539267
540735
542037
542778
543686
544838
546154
547305
548790
550102
551416
552567
554053
555371
556121
557040
558206
559538
560703
562206
563534
564864
566029
567533
568867
569626
570556
571736
573084
574263
575784
577128
578474
579653
581175
582525
583293
584234
585428
586792
587985
589524
590884
592246
593439
594979
596345
597122
598074
599282
600662
601869
603426
604802
606180
607387
608945
610327
611113
612076
613298
614694
615915
617490
618882
620276
621497
623073
624471
625266
626240
627476
628888
630123
631716
633124
634534
635769
637363
638777
639581
640566
641816
643244
644493
646104
647528
648954
650203
651815
653245
654058
655054
656318
657762
659025
660654
662094
663536
664799
666429
667875
668697
669704
670982
672442
673719
675366
676822
678280
679557
681205
682667
683498
684516
685808
687284
688575
690240
691712
693186
694477
696143
697621
698461
699490
700796
702288
703593
705276
706764
708254
709559
711243
712737
713586
714626
715946
717454
718773
720474
721978
723484
724803
726505
728015
728873
729924
731258
732782
734115
735834
737354
738876
740209
741929
743455
744322
745384
746732
748272
749619
751356
752892
754430
755777
757515
759057
759933
761006
762368
763924
765285
767040
768592
770146
771507
773263
774821
775706
776790
778166
779738
781113
782886
784454
786024
787399
789173
790747
791641
792736
794126
795714
797103
798894
800478
802064
803453
805245
806835
807738
808844
810248
811852
813255
815064
816664
818266
819669
821479
823085
823997
825114
826532
828152
829569
831396
833012
834630
836047
837875
839497
840418
841546
842978
844614
846045
847890
849522
851156
852587
854433
856071
857001
858140
859586
861238
862683
864546
866194
867844
869289
871153
872807
873746
874896
876356
878024
879483
881364
883028
884694
886153
888035
889705
890653
891814
893288
894972
896445
898344
900024
901706
903179
905079
906765
907722
908894
910382
912082
913569
915486
917182
918880
920367
922285
923987
924953
926136
927638
929354
930855
932790
934502
936216
937717
939653
941371
942346
943540
945056
946788
948303
950256
951984
953714
955229
957183
958917
959901
961106
962636
964384
965913
967884
969628
971374
972903
974875
976625
977618
978834
980378
982142
983685
985674
987434
989196
990739
992729
994495
995497
996724
998282
1000062
1001619
1003626
1005402
1007180
1008737
1010745
1012527
1013538
1014776
1016348
1018144
1019715
1021740
1023532
1025326
1026897
1028923
1030721
1031741
1032990
1034576
1036388
1037973
1040016
1041824
1043634
1045219
1047263
1049077
1050106
1051366
1052966
1054794
1056393
1058454
1060278
1062104
1063703
1065765
1067595
1068633
1069904
1071518
1073362
1074975
1077054
1078894
1080736
1082349
1084429
1086275
1087322
1088604
1090232
1092092
1093719
1095816
1097672
1099530
1101157
1103255
1105117
1106173
1107466
1109108
1110984
1112625
1114740
1116612
1118486
1120127
1122243
1124121
1125186
1126490
1128146
1130038
1131693
1133826
1135714
1137604
1139259
1141393
1143287
1144361
1145676
1147346
1149254
1150923
1153074
1154978
1156884
1158553
1160705
1162615
1163698
1165024
1166708
1168632
1170315
1172484
1174404
1176326
1178009
1180179
1182105
1183197
1184534
1186232
1188172
1189869
1192056
1193992
1195930
1197627
1199815
1201757
1202858
1204206
1205918
1207874
1209585
1211790
1213742
1215696
1217407
1219613
1221571
1222681
1224040
1225766
1227738
1229463
1231686
1233654
1235624
1237349
1239573
1241547
1242666
1244036
1245776
1247764
1249503
1251744
1253728
1255714
1257453
1259695
1261685
1262813
1264194
1265948
1267952
1269705
1271964
1273964
1275966
1277719
1279979
1281985
1283122
1284514
1286282
1288302
1290069
1292346
1294362
1296380
1298147
1300425
1302447
1303593
1304996
1306778
1308814
1310595
1312890
1314922
1316956
1318737
1321033
1323071
1324226
1325640
1327436
1329488
1331283
1333596
1335644
1337694
1339489
1341803
1343857
1345021
1346446
1348256
1350324
1352133
1354464
1356528
1358594
1360403
1362735
1364805
1365978
1367414
1369238
1371322
1373145
1375494
1377574
1379656
1381479
1383829
1385915
1387097
1388544
1390382
1392482
1394319
1396686
1398782
1400880
1402717
1405085
1407187
1408378
1409836
1411688
1413804
1415655
1418040
1420152
1422266
1424117
1426503
1428621
1429821
1431290
1433156
1435288
1437153
1439556
1441684
1443814
1445679
1448083
1450217
1451426
1452906
1454786
1456934
1458813
1461234
1463378
1465524
1467403
1469825
1471975
1473193
1474684
1476578
1478742
1480635
1483074
1485234
1487396
1489289
1491729
1493895
1495122
1496624
1498532
1500712
1502619
1505076
1507252
1509430
1511337
1513795
1515977
1517213
1518726
1520648
1522844
1524765
1527240
1529432
1531626
1533547
1536023
1538221
1539466
1540990
1542926
1545138
1547073
1549566
1551774
1553984
1555919
1558413
1560627
1561881
1563416
1565366
1567594
1569543
1572054
1574278
1576504
1578453
1580965
1583195
1584458
1586004
1587968
1590212
1592175
1594704
1596944
1599186
1601149
1603679
1605925
1607197
1608754
1610732
1612992
1614969
1617516
1619772
1622030
1624007
1626555
1628817
1630098
1631666
1633658
1635934
1637925
1640490
1642762
1645036
1647027
1649593
1651871
1653161
1654740
1656746
1659038
1661043
1663626
1665914
1668204
1670209
1672793
1675087
1676386
1677976
1679996
1682304
1684323
1686924
1689228
1691534
1693553
1696155
1698465
1699773
1701374
1703408
1705732
1707765
1710384
1712704
1715026
1717059
1719679
1722005
1723322
1724934
1726982
1729322
1731369
1734006
1736342
1738680
1740727
1743365
1745707
1747033
1748656
1750718
1753074
1755135
1757790
1760142
1762496
1764557
1767213
1769571
1770906
1772540
1774616
1776988
1779063
1781736
1784104
1786474
1788549
1791223
1793597
1794941
1796586
1798676
1801064
1803153
1805844
1808228
1810614
1812703
1815395
1817785
1819138
1820794
1822898
1825302
1827405
1830114
1832514
1834916
1837019
1839729
1842135
1843497
1845164
1847282
1849702
1851819
1854546
1856962
1859380
1861497
1864225
1866647
1868018
1869696
1871828
1874264
1876395
1879140
1881572
1884006
1886137
1888883
1891321
1892701
1894390
1896536
1898988
1901133
1903896
1906344
1908794
1910939
1913703
1916157
1917546
1919246
1921406
1923874
1926033
1928814
1931278
1933744
1935903
1938685
1941155
1942553
1944264
1946438
1948922
1951095
1953894
1956374
1958856
1961029
1963829
1966315
1967722
1969444
1971632
1974132
1976319
1979136
1981632
1984130
1986317
1989135
1991637
1993053
1994786
1996988
1999504
2001705
2004540
2007052
2009566
2011767
2014603
2017121
2018546
2020290
2022506
2025038
2027253
2030106
2032634
2035164
2037379
2040233
2042767
2044201
2045956
2048186
2050734
2052963
2055834
2058378
2060924
2063153
2066025
2068575
2070018
2071784
2074028
2076592
2078835
2081724
2084284
2086846
2089089
2091979
2094545
2095997
2097774
2100032
2102612
2104869
2107776
2110352
2112930
2115187
2118095
2120677
2122138
2123926
2126198
2128794
2131065
2133990
2136582
2139176
2141447
2144373
2146971
2148441
2150240
2152526
2155138
2157423
2160366
2162974
2165584
2167869
2170813
2173427
2174906
2176716
2179016
2181644
2183943
2186904
2189528
2192154
2194453
2197415
2200045
2201533
2203354
2205668
2208312
2210625
2213604
2216244
2218886
2221199
2224179
2226825
2228322
2230154
2232482
2235142
2237469
2240466
2243122
2245780
2248107
2251105
2253767
2255273
2257116
2259458
2262134
2264475
2267490
2270162
2272836
2275177
2278193
2280871
2282386
2284240
2286596
2289288
2291643
2294676
2297364
2300054
2302409
2305443
2308137
2309661
2311526
2313896
2316604
2318973
2322024
2324728
2327434
2329803
2332855
2335565
2337098
2338974
2341358
2344082
2346465
2349534
2352254
2354976
2357359
2360429
2363155
2364697
2366584
2368982
2371722
2374119
2377206
2379942
2382680
2385077
2388165
2390907
2392458
2394356
2396768
2399524
2401935
2405040
2407792
2410546
2412957
2416063
2418821
2420381
2422290
2424716
2427488
2429913
2433036
2435804
2438574
2440999
2444123
2446897
2448466
2450386
2452826
2455614
2458053
2461194
2463978
2466764
2469203
2472345
2475135
2476713
2478644
2481098
2483902
2486355
2489514
2492314
2495116
2497569
2500729
2503535
2505122
2507064
2509532
2512352
2514819
2517996
2520812
2523630
2526097
2529275
2532097
2533693
2535646
2538128
2540964
2543445
2546640
2549472
2552306
2554787
2557983
2560821
2562426
2564390
2566886
2569738
2572233
2575446
2578294
2581144
2583639
2586853
2589707
2591321
2593296
2595806
2598674
2601183
2604414
2607278
2610144
2612653
2615885
2618755
2620378
2622364
2624888
2627772
2630295
2633544
2636424
2639306
2641829
2645079
2647965
2649597
2651594
2654132
2657032
2659569
2662836
2665732
2668630
2671167
2674435
2677337
2678978
2680986
2683538
2686454
2689005
2692290
2695202
2698116
2700667
2703953
2706871
2708521
2710540
2713106
2716038
2718603
2721906
2724834
2727764
2730329
2733633
2736567
2738226
2740256
2742836
2745784
2748363
2751684
2754628
2757574
2760153
2763475
2766425
2768093
2770134
2772728
2775692
2778285
2781624
2784584
2787546
2790139
2793479
2796445
2798122
2800174
2802782
2805762
2808369
2811726
2814702
2817680
2820287
2823645
2826627
2828313
2830376
2832998
2835994
2838615
2841990
2844982
2847976
2850597
2853973
2856971
2858666
2860740
2863376
2866388
2869023
2872416
2875424
2878434
2881069
2884463
2887477
2889181
2891266
2893916
2896944
2899593
2903004
2906028
2909054
2911703
2915115
2918145
2919858
2921954
2924618
2927662
2930325
2933754
2936794
2939836
2942499
2945929
2948975
2950697
2952804
2955482
2958542
2961219
2964666
2967722
2970780
2973457
2976905
2979967
2981698
2983816
2986508
2989584
2992275
2995740
2998812
3001886
3004577
3008043
3011121
3012861
3014990
3017696
3020788
3023493
3026976
3030064
3033154
3035859
3039343
3042437
3044186
3046326
3049046
3052154
3054873
3058374
3061478
3064584
3067303
3070805
3073915
3075673
3077824
3080558
3083682
3086415
3089934
3093054
3096176
3098909
3102429
3105555
3107322
3109484
3112232
3115372
3118119
3121656
3124792
3127930
3130677
3134215
3137357
3139133
3141306
3144068
3147224
3149985
3153540
3156692
3159846
3162607
3166163
3169321
3171106
3173290
3176066
3179238
3182013
3185586
3188754
3191924
3194699
3198273
3201447
3203241
3205436
3208226
3211414
3214203
3217794
3220978
3224164
3226953
3230545
3233735
3235538
3237744
3240548
3243752
3246555
3250164
3253364
3256566
3259369
3262979
3266185
3267997
3270214
3273032
3276252
3279069
3282696
3285912
3289130
3291947
3295575
3298797
3300618
3302846
3305678
3308914
3311745
3315390
3318622
3321856
3324687
3328333
3331571
3333401
3335640
3338486
3341738
3344583
3348246
3351494
3354744
3357589
3361253
3364507
3366346
3368596
3371456
3374724
3377583
3381264
3384528
3387794
3390653
3394335
3397605
3399453
3401714
3404588
3407872
3410745
3414444
3417724
3421006
3423879
3427579
3430865
3432722
3434994
3437882
3441182
3444069
3447786
3451082
3454380
3457267
3460985
3464287
3466153
3468436
3471338
3474654
3477555
3481290
3484602
3487916
3490817
3494553
3497871
3499746
3502040
3504956
3508288
3511203
3514956
3518284
3521614
3524529
3528283
3531617
3533501
3535806
3538736
3542084
3545013
3548784
3552128
3555474
3558403
3562175
3565525
3567418
3569734
3572678
3576042
3578985
3582774
3586134
3589496
3592439
3596229
3599595
3601497
3603824
3606782
3610162
3613119
3616926
3620302
3623680
3626637
3630445
3633827
3635738
3638076
3641048
3644444
3647415
3651240
3654632
3658026
3660997
3664823
3668221
3670141
3672490
3675476
3678888
3681873
3685716
3689124
3692534
3695519
3699363
3702777
3704706
3707066
3710066
3713494
3716493
3720354
3723778
3727204
3730203
3734065
3737495
3739433
3741804
3744818
3748262
3751275
3755154
3758594
3762036
3765049
3768929
3772375
3774322
3776704
3779732
3783192
3786219
3790116
3793572
3797030
3800057
3803955
3807417
3809373
3811766
3814808
3818284
3821325
3825240
3828712
3832186
3835227
3839143
3842621
3844586
3846990
3850046
3853538
3856593
3860526
3864014
3867504
3870559
3874493
3877987
3879961
3882376
3885446
3888954
3892023
3895974
3899478
3902984
3906053
3910005
3913515
3915498
3917924
3921008
3924532
3927615
3931584
3935104
3938626
3941709
3945679
3949205
3951197
3953634
3956732
3960272
3963369
3967356
3970892
3974430
3977527
3981515
3985057
3987058
3989506
3992618
3996174
3999285
4003290
4006842
4010396
4013507
4017513
4021071
4023081
4025540
4028666
4032238
4035363
4039386
4042954
4046524
4049649
4053673
4057247
4059266
4061736
4064876
4068464
4071603
4075644
4079228
4082814
4085953
4089995
4093585
4095613
4098094
4101248
4104852
4108005
4112064
4115664
4119266
4122419
4126479
4130085
4132122
4134614
4137782
4141402
4144569
4148646
4152262
4155880
4159047
4163125
4166747
4168793
4171296
4174478
4178114
4181295
4185390
4189022
4192656
4195837
4199933
4203571
4205626
4208140
4211336
4214988
4218183
4222296
4225944
4229594
4232789
4236903
4240557
4242621
4245146
4248356
4252024
4255233
4259364
4263028
4266694
4269903
4274035
4277705
4279778
4282314
4285538
4289222
4292445
4296594
4300274
4303956
4307179
4311329
4315015
4317097
4319644
4322882
4326582
4329819
4333986
4337682
4341380
4344617
4348785
4352487
4354578
4357136
4360388
4364104
4367355
4371540
4375252
4378966
4382217
4386403
4390121
4392221
4394790
4398056
4401788
4405053
4409256
4412984
4416714
4419979
4424183
4427917
4430026
4432606
4435886
4439634
4442913
4447134
4450878
4454624
4457903
4462125
4465875
4467993
4470584
4473878
4477642
4480935
4485174
4488934
4492696
4495989
4500229
4503995
4506122
4508724
4512032
4515812
4519119
4523376
4527152
4530930
4534237
4538495
4542277
4544413
4547026
4550348
4554144
4557465
4561740
4565532
4569326
4572647
4576923
4580721
4582866
4585490
4588826
4592638
4595973
4600266
4604074
4607884
4611219
4615513
4619327
4621481
4624116
4627466
4631294
4634643
4638954
4642778
4646604
4649953
4654265
4658095
4660258
4662904
4666268
4670112
4673475
4677804
4681644
4685486
4688849
4693179
4697025
4699197
4701854
4705232
4709092
4712469
4716816
4720672
4724530
4727907
4732255
4736117
4738298
4740966
4744358
4748234
4751625
4755990
4759862
4763736
4767127
4771493
4775371
4777561
4780240
4783646
4787538
4790943
4795326
4799214
4803104
4806509
4810893
4814787
4816986
4819676
4823096
4827004
4830423
4834824
4838728
4842634
4846053
4850455
4854365
4856573
4859274
4862708
4866632
4870065
4874484
4878404
4882326
4885759
4890179
4894105
4896322
4899034
4902482
4906422
4909869
4914306
4918242
4922180
4925627
4930065
4934007
4936233
4938956
4942418
4946374
4949835
4954290
4958242
4962196
4965657
4970113
4974071
4976306
4979040
4982516
4986488
4989963
4994436
4998404
5002374
5005849
5010323
5014297
5016541
5019286
5022776
5026764
5030253
5034744
5038728
5042714
5046203
5050695
5054685
5056938
5059694
5063198
5067202
5070705
5075214
5079214
5083216
5086719
5091229
5095235
5097497
5100264
5103782
5107802
5111319
5115846
5119862
5123880
5127397
5131925
5135947
5138218
5140996
5144528
5148564
5152095
5156640
5160672
5164706
5168237
5172783
5176821
5179101
5181890
5185436
5189488
5193033
5197596
5201644
5205694
5209239
5213803
5217857
5220146
5222946
5226506
5230574
5234133
5238714
5242778
5246844
5250403
5254985
5259055
5261353
5264164
5267738
5271822
5275395
5279994
5284074
5288156
5291729
5296329
5300415
5302722
5305544
5309132
5313232
5316819
5321436
5325532
5329630
5333217
5337835
5341937
5344253
5347086
5350688
5354804
5358405
5363040
5367152
5371266
5374867
5379503
5383621
5385946
5388790
5392406
5396538
5400153
5404806
5408934
5413064
5416679
5421333
5425467
5427801
5430656
5434286
5438434
5442063
5446734
5450878
5455024
5458653
5463325
5467475
5469818
5472684
5476328
5480492
5484135
5488824
5492984
5497146
5500789
5505479
5509645
5511997
5514874
5518532
5522712
5526369
5531076
5535252
5539430
5543087
5547795
5551977
5554338
5557226
5560898
5565094
5568765
5573490
5577682
5581876
5585547
5590273
5594471
5596841
5599740
5603426
5607638
5611323
5616066
5620274
5624484
5628169
5632913
5637127
5639506
5642416
5646116
5650344
5654043
5658804
5663028
5667254
5670953
5675715
5679945
5682333
5685254
5688968
5693212
5696925
5701704
5705944
5710186
5713899
5718679
5722925
5725322
5728254
5731982
5736242
5739969
5744766
5749022
5753280
5757007
5761805
5766067
5768473
5771416
5775158
5779434
5783175
5787990
5792262
5796536
5800277
5805093
5809371
5811786
5814740
5818496
5822788
5826543
5831376
5835664
5839954
5843709
5848543
5852837
5855261
5858226
5861996
5866304
5870073
5874924
5879228
5883534
5887303
5892155
5896465
5898898
5901874
5905658
5909982
5913765
5918634
5922954
5927276
5931059
5935929
5940255
5942697
5945684
5949482
5953822
5957619
5962506
5966842
5971180
5974977
5979865
5984207
5986658
5989656
5993468
5997824
6001635
6006540
6010892
6015246
6019057
6023963
6028321
6030781
6033790
6037616
6041988
6045813
6050736
6055104
6059474
6063299
6068223
6072597
6075066
6078086
6081926
6086314
6090153
6095094
6099478
6103864
6107703
6112645
6117035
6119513
6122544
6126398
6130802
6134655
6139614
6144014
6148416
6152269
6157229
6161635
6164122
6167164
6171032
6175452
6179319
6184296
6188712
6193130
6196997
6201975
6206397
6208893
6211946
6215828
6220264
6224145
6229140
6233572
6238006
6241887
6246883
6251321
6253826
6256890
6260786
6265238
6269133
6274146
6278594
6283044
6286939
6291953
6296407
6298921
6301996
6305906
6310374
6314283
6319314
6323778
6328244
6332153
6337185
6341655
6344178
6347264
6351188
6355672
6359595
6364644
6369124
6373606
6377529
6382579
6387065
6389597
6392694
6396632
6401132
6405069
6410136
6414632
6419130
6423067
6428135
6432637
6435178
6438286
6442238
6446754
6450705
6455790
6460302
6464816
6468767
6473853
6478371
6480921
6484040
6488006
6492538
6496503
6501606
6506134
6510664
6514629
6519733
6524267
6526826
6529956
6533936
6538484
6542463
6547584
6552128
6556674
6560653
6565775
6570325
6572893
6576034
6580028
6584592
6588585
6593724
6598284
6602846
6606839
6611979
6616545
6619122
6622274
6626282
6630862
6634869
6640026
6644602
6649180
6653187
6658345
6662927
6665513
6668676
6672698
6677294
6681315
6686490
6691082
6695676
6699697
6704873
6709471
6712066
6715240
6719276
6723888
6727923
6733116
6737724
6742334
6746369
6751563
6756177
6758781
6761966
6766016
6770644
6774693
6779904
6784528
6789154
6793203
6798415
6803045
6805658
6808854
6812918
6817562
6821625
6826854
6831494
6836136
6840199
6845429
6850075
6852697
6855904
6859982
6864642
6868719
6873966
6878622
6883280
6887357
6892605
6897267
6899898
6903116
6907208
6911884
6915975
6921240
6925912
6930586
6934677
6939943
6944621
6947261
6950490
6954596
6959288
6963393
6968676
6973364
6978054
6982159
6987443
6992137
6994786
6998026
7002146
7006854
7010973
7016274
7020978
7025684
7029803
7035105
7039815
7042473
7045724
7049858
7054582
7058715
7064034
7068754
7073476
7077609
7082929
7087655
7090322
7093584
7097732
7102472
7106619
7111956
7116692
7121430
7125577
7130915
7135657
7138333
7141606
7145768
7150524
7154685
7160040
7164792
7169546
7173707
7179063
7183821
7186506
7189790
7193966
7198738
7202913
7208286
7213054
7217824
7221999
7227373
7232147
7234841
7238136
7242326
7247114
7251303
7256694
7261478
7266264
7270453
7275845
7280635
7283338
7286644
7290848
7295652
7299855
7305264
7310064
7314866
7319069
7324479
7329285
7331997
7335314
7339532
7344352
7348569
7353996
7358812
7363630
7367847
7373275
7378097
7380818
7384146
7388378
7393214
7397445
7402890
7407722
7412556
7416787
7422233
7427071
7429801
7433140
7437386
7442238
7446483
7451946
7456794
7461644
7465889
7471353
7476207
7478946
7482296
7486556
7491424
7495683
7501164
7506028
7510894
7515153
7520635
7525505
7528253
7531614
7535888
7540772
7545045
7550544
7555424
7560306
7564579
7570079
7574965
7577722
7581094
7585382
7590282
7594569
7600086
7604982
7609880
7614167
7619685
7624587
7627353
7630736
7635038
7639954
7644255
7649790
7654702
7659616
7663917
7669453
7674371
7677146
7680540
7684856
7689788
7694103
7699656
7704584
7709514
7713829
7719383
7724317
7727101
7730506
7734836
7739784
7744113
7749684
7754628
7759574
7763903
7769475
7774425
7777218
7780634
7784978
7789942
7794285
7799874
7804834
7809796
7814139
7819729
7824695
7827497
7830924
7835282
7840262
7844619
7850226
7855202
7860180
7864537
7870145
7875127
7877938
7881376
7885748
7890744
7895115
7900740
7905732
7910726
7915097
7920723
7925721
7928541
7931990
7936376
7941388
7945773
7951416
7956424
7961434
7965819
7971463
7976477
7979306
7982766
7987166
7992194
7996593
8002254
8007278
8012304
8016703
8022365
8027395
8030233
8033704
8038118
8043162
8047575
8053254
8058294
8063336
8067749
8073429
8078475
8081322
8084804
8089232
8094292
8098719
8104416
8109472
8114530
8118957
8124655
8129717
8132573
8136066
8140508
8145584
8150025
8155740
8160812
8165886
8170327
8176043
8181121
8183986
8187490
8191946
8197038
8201493
8207226
8212314
8217404
8221859
8227593
8232687
8235561
8239076
8243546
8248654
8253123
8258874
8263978
8269084
8273553
8279305
8284415
8287298
8290824
8295308
8300432
8304915
8310684
8315804
8320926
8325409
8331179
8336305
8339197
8342734
8347232
8352372
8356869
8362656
8367792
8372930
8377427
8383215
8388357
8391258
8394806
8399318
8404474
8408985
8414790
8419942
8425096
8429607
8435413
8440571
8443481
8447040
8451566
8456738
8461263
8467086
8472254
8477424
8481949
8487773
8492947
8495866
8499436
8503976
8509164
8513703
8519544
8524728
8529914
8534453
8540295
8545485
8548413
8551994
8556548
8561752
8566305
8572164
8577364
8582566
8587119
8592979
8598185
8601122
8604714
8609282
8614502
8619069
8624946
8630162
8635380
8639947
8645825
8651047
8653993
8657596
8662178
8667414
8671995
8677890
8683122
8688356
8692937
8698833
8704071
8707026
8710640
8715236
8720488
8725083
8730996
8736244
8741494
8746089
8752003
8757257
8760221
8763846
8768456
8773724
8778333
8784264
8789528
8794794
8799403
8805335
8810605
8813578
8817214
8821838
8827122
8831745
8837694
8842974
8848256
8852879
8858829
8864115
8867097
8870744
8875382
8880682
8885319
8891286
8896582
8901880
8906517
8912485
8917787
8920778
8924436
8929088
8934404
8939055
8945040
8950352
8955666
8960317
8966303
8971621
8974621
8978290
8982956
8988288
8992953
8998956
9004284
9009614
9014279
9020283
9025617
9028626
9032306
9036986
9042334
9047013
9053034
9058378
9063724
9068403
9074425
9079775
9082793
9086484
9091178
9096542
9101235
9107274
9112634
9117996
9122689
9128729
9134095
9137122
9140824
9145532
9150912
9155619
9161676
9167052
9172430
9177137
9183195
9188577
9191613
9195326
9200048
9205444
9210165
9216240
9221632
9227026
9231747
9237823
9243221
9246266
9249990
9254726
9260138
9264873
9270966
9276374
9281784
9286519
9292613
9298027
9301081
9304816
9309566
9314994
9319743
9325854
9331278
9336704
9341453
9347565
9352995
9356058
9359804
9364568
9370012
9374775
9380904
9386344
9391786
9396549
9402679
9408125
9411197
9414954
9419732
9425192
9429969
9436116
9441572
9447030
9451807
9457955
9463417
9466498
9470266
9475058
9480534
9485325
9491490
9496962
9502436
9507227
9513393
9518871
9521961
9525740
9530546
9536038
9540843
9547026
9552514
9558004
9562809
9568993
9574487
9577586
9581376
9586196
9591704
9596523
9602724
9608228
9613734
9618553
9624755
9630265
9633373
9637174
9642008
9647532
9652365
9658584
9664104
9669626
9674459
9680679
9686205
9689322
9693134
9697982
9703522
9708369
9714606
9720142
9725680
9730527
9736765
9742307
9745433
9749256
9754118
9759674
9764535
9770790
9776342
9781896
9786757
9793013
9798571
9801706
9805540
9810416
9815988
9820863
9827136
9832704
9838274
9843149
9849423
9854997
9858141
9861986
9866876
9872464
9877353
9883644
9889228
9894814
9899703
9905995
9911585
9914738
9918594
9923498
9929102
9934005
9940314
9945914
9951516
9956419
9962729
9968335
9971497
9975364
9980282
9985902
9990819
9997146
10002762
10008380
10013297
10019625
10025247
10028418
10032296
10037228
10042864
10047795
10054140
10059772
10065406
10070337
10076683
10082321
10085501
10089390
10094336
10099988
10104933
10111296
10116944
10122594
10127539
10133903
10139557
10142746
10146646
10151606
10157274
10162233
10168614
10174278
10179944
10184903
10191285
10196955
10200153
10204064
10209038
10214722
10219695
10226094
10231774
10237456
10242429
10248829
10254515
10257722
10261644
10266632
10272332
10277319
10283736
10289432
10295130
10300117
10306535
10312237
10315453
10319386
10324388
10330104
10335105
10341540
10347252
10352966
10357967
10364403
10370121
10373346
10377290
10382306
10388038
10393053
10399506
10405234
10410964
10415979
10422433
10428167
10431401
10435356
10440386
10446134
10451163
10457634
10463378
10469124
10474153
10480625
10486375
10489618
10493584
10498628
10504392
10509435
10515924
10521684
10527446
10532489
10538979
10544745
10547997
10551974
10557032
10562812
10567869
10574376
10580152
10585930
10590987
10597495
10603277
10606538
10610526
10615598
10621394
10626465
10632990
10638782
10644576
10649647
10656173
10661971
10665241
10669240
10674326
10680138
10685223
10691766
10697574
10703384
10708469
10715013
10720827
10724106
10728116
10733216
10739044
10744143
10750704
10756528
10762354
10767453
10774015
10779845
10783133
10787154
10792268
10798112
10803225
10809804
10815644
10821486
10826599
10833179
10839025
10842322
10846354
10851482
10857342
10862469
10869066
10874922
10880780
10885907
10892505
10898367
10901673
10905716
10910858
10916734
10921875
10928490
10934362
10940236
10945377
10951993
10957871
10961186
10965240
10970396
10976288
10981443
10988076
10993964
10999854
11005009
11011643
11017537
11020861
11024926
11030096
11036004
11041173
11047824
11053728
11059634
11064803
11071455
11077365
11080698
11084774
11089958
11095882
11101065
11107734
11113654
11119576
11124759
11131429
11137355
11140697
11144784
11149982
11155922
11161119
11167806
11173742
11179680
11184877
11191565
11197507
11200858
11204956
11210168
11216124
11221335
11228040
11233992
11239946
11245157
11251863
11257821
11261181
11265290
11270516
11276488
11281713
11288436
11294404
11300374
11305599
11312323
11318297
11321666
11325786
11331026
11337014
11342253
11348994
11354978
11360964
11366203
11372945
11378935
11382313
11386444
11391698
11397702
11402955
11409714
11415714
11421716
11426969
11433729
11439735
11443122
11447264
11452532
11458552
11463819
11470596
11476612
11482630
11487897
11494675
11500697
11504093
11508246
11513528
11519564
11524845
11531640
11537672
11543706
11548987
11555783
11561821
11565226
11569390
11574686
11580738
11586033
11592846
11598894
11604944
11610239
11617053
11623107
11626521
11630696
11636006
11642074
11647383
11654214
11660278
11666344
11671653
11678485
11684555
11687978
11692164
11697488
11703572
11708895
11715744
11721824
11727906
11733229
11740079
11746165
11749597
11753794
11759132
11765232
11770569
11777436
11783532
11789630
11794967
11801835
11807937
11811378
11815586
11820938
11827054
11832405
11839290
11845402
11851516
11856867
11863753
11869871
11873321
11877540
11882906
11889038
11894403
11901306
11907434
11913564
11918929
11925833
11931967
11935426
11939656
11945036
11951184
11956563
11963484
11969628
11975774
11981153
11988075
11994225
11997693
12001934
12007328
12013492
12018885
12025824
12031984
12038146
12043539
12050479
12056645
12060122
12064374
12069782
12075962
12081369
12088326
12094502
12100680
12106087
12113045
12119227
12122713
12126976
12132398
12138594
12144015
12150990
12157182
12163376
12168797
12175773
12181971
12185466
12189740
12195176
12201388
12206823
12213816
12220024
12226234
12231669
12238663
12244877
12248381
12252666
12258116
12264344
12269793
12276804
12283028
12289254
12294703
12301715
12307945
12311458
12315754
12321218
12327462
12332925
12339954
12346194
12352436
12357899
12364929
12371175
12374697
12379004
12384482
12390742
12396219
12403266
12409522
12415780
12421257
12428305
12434567
12438098
12442416
12447908
12454184
12459675
12466740
12473012
12479286
12484777
12491843
12498121
12501661
12505990
12511496
12517788
12523293
12530376
12536664
12542954
12548459
12555543
12561837
12565386
12569726
12575246
12581554
12587073
12594174
12600478
12606784
12612303
12619405
12625715
12629273
12633624
12639158
12645482
12651015
12658134
12664454
12670776
12676309
12683429
12689755
12693322
12697684
12703232
12709572
12715119
12722256
12728592
12734930
12740477
12747615
12753957
12757533
12761906
12767468
12773824
12779385
12786540
12792892
12799246
12804807
12811963
12818321
12821906
12826290
12831866
12838238
12843813
12850986
12857354
12863724
12869299
12876473
12882847
12886441
12890836
12896426
12902814
12908403
12915594
12921978
12928364
12933953
12941145
12947535
12951138
12955544
12961148
12967552
12973155
12980364
12986764
12993166
12998769
13005979
13012385
13015997
13020414
13026032
13032452
13038069
13045296
13051712
13058130
13063747
13070975
13077397
13081018
13085446
13091078
13097514
13103145
13110390
13116822
13123256
13128887
13136133
13142571
13146201
13150640
13156286
13162738
13168383
13175646
13182094
13188544
13194189
13201453
13207907
13211546
13215996
13221656
13228124
13233783
13241064
13247528
13253994
13259653
13266935
13273405
13277053
13281514
13287188
13293672
13299345
13306644
13313124
13319606
13325279
13332579
13339065
13342722
13347194
13352882
13359382
13365069
13372386
13378882
13385380
13391067
13398385
13404887
13408553
13413036
13418738
13425254
13430955
13438290
13444802
13451316
13457017
13464353
13470871
13474546
13479040
13484756
13491288
13497003
13504356
13510884
13517414
13523129
13530483
13537017
13540701
13545206
13550936
13557484
13563213
13570584
13577128
13583674
13589403
13596775
13603325
13607018
13611534
13617278
13623842
13629585
13636974
13643534
13650096
13655839
13663229
13669795
13673497
13678024
13683782
13690362
13696119
13703526
13710102
13716680
13722437
13729845
13736427
13740138
13744676
13750448
13757044
13762815
13770240
13776832
13783426
13789197
13796623
13803221
13806941
13811490
13817276
13823888
13829673
13837116
13843724
13850334
13856119
13863563
13870177
13873906
13878466
13884266
13890894
13896693
13904154
13910778
13917404
13923203
13930665
13937295
13941033
13945604
13951418
13958062
13963875
13971354
13977994
13984636
13990449
13997929
14004575
14008322
14012904
14018732
14025392
14031219
14038716
14045372
14052030
14057857
14065355
14072017
14075773
14080366
14086208
14092884
14098725
14106240
14112912
14119586
14125427
14132943
14139621
14143386
14147990
14153846
14160538
14166393
14173926
14180614
14187304
14193159
14200693
14207387
14211161
14215776
14221646
14228354
14234223
14241774
14248478
14255184
14261053
14268605
14275315
14279098
14283724
14289608
14296332
14302215
14309784
14316504
14323226
14329109
14336679
14343405
14347197
14351834
14357732
14364472
14370369
14377956
14384692
14391430
14397327
14404915
14411657
14415458
14420106
14426018
14432774
14438685
14446290
14453042
14459796
14465707
14473313
14480071
14483881
14488540
14494466
14501238
14507163
14514786
14521554
14528324
14534249
14541873
14548647
14552466
14557136
14563076
14569864
14575803
14583444
14590228
14597014
14602953
14610595
14617385
14621213
14625894
14631848
14638652
14644605
14652264
14659064
14665866
14671819
14679479
14686285
14690122
14694814
14700782
14707602
14713569
14721246
14728062
14734880
14740847
14748525
14755347
14759193
14763896
14769878
14776714
14782695
14790390
14797222
14804056
14810037
14817733
14824571
14828426
14833140
14839136
14845988
14851983
14859696
14866544
14873394
14879389
14887103
14893957
14897821
14902546
14908556
14915424
14921433
14929164
14936028
14942894
14948903
14956635
14963505
14967378
14972114
14978138
14985022
14991045
14998794
15005674
15012556
15018579
15026329
15033215
15037097
15041844
15047882
15054782
15060819
15068586
15075482
15082380
15088417
15096185
15103087
15106978
15111736
15117788
15124704
15130755
15138540
15145452
15152366
15158417
15166203
15173121
15177021
15181790
15187856
15194788
15200853
15208656
15215584
15222514
15228579
15236383
15243317
15247226
15252006
15258086
15265034
15271113
15278934
15285878
15292824
15298903
15306725
15313675
15317593
15322384
15328478
15335442
15341535
15349374
15356334
15363296
15369389
15377229
15384195
15388122
15392924
15399032
15406012
15412119
15419976
15426952
15433930
15440037
15447895
15454877
15458813
15463626
15469748
15476744
15482865
15490740
15497732
15504726
15510847
15518723
15525721
15529666
15534490
15540626
15547638
15553773
15561666
15568674
15575684
15581819
15589713
15596727
15600681
15605516
15611666
15618694
15624843
15632754
15639778
15646804
15652953
15660865
15667895
15671858
15676704
15682868
15689912
15696075
15704004
15711044
15718086
15724249
15732179
15739225
15743197
15748054
15754232
15761292
15767469
15775416
15782472
15789530
15795707
15803655
15810717
15814698
15819566
15825758
15832834
15839025
15846990
15854062
15861136
15867327
15875293
15882371
15886361
15891240
15897446
15904538
15910743
15918726
15925814
15932904
15939109
15947093
15954187
15958186
15963076
15969296
15976404
15982623
15990624
15997728
16004834
16011053
16019055
16026165
16030173
16035074
16041308
16048432
16054665
16062684
16069804
16076926
16083159
16091179
16098305
16102322
16107234
16113482
16120622
16126869
16134906
16142042
16149180
16155427
16163465
16170607
16174633
16179556
16185818
16192974
16199235
16207290
16214442
16221596
16227857
16235913
16243071
16247106
16252040
16258316
16265488
16271763
16279836
16287004
16294174
16300449
16308523
16315697
16319741
16324686
16330976
16338164
16344453
16352544
16359728
16366914
16373203
16381295
16388485
16392538
16397494
16403798
16411002
16417305
16425414
16432614
16439816
16446119
16454229
16461435
16465497
16470464
16476782
16484002
16490319
16498446
16505662
16512880
16519197
16527325
16534547
16538618
16543596
16549928
16557164
16563495
16571640
16578872
16586106
16592437
16600583
16607821
16611901
16616890
16623236
16630488
16636833
16644996
16652244
16659494
16665839
16674003
16681257
16685346
16690346
16696706
16703974
16710333
16718514
16725778
16733044
