4
9
16
30
50
74
99
129
165
216
261
326
395
460
537
605
689
784
894
989
1107
1196
1324
1464
1594
1735
1853
1988
2145
2324
2479
2665
2794
2982
3186
3380
3585
3753
3938
4155
4402
4617
4871
5040
5288
5556
5814
6083
6301
6536
6813
7128
7403
7725
7934
8242
8574
8896
9229
9497
9782
10119
10502
10837
11227
11476
11844
12240
12626
13023
13341
13676
14073
14524
14919
15377
15666
16094
16554
17004
17465
17833
18218
18675
19194
19649
20175
20504
20992
21516
22030
22555
22973
23408
23925
24512
25027
25621
25990
26538
27126
27704
28293
28761
29246
29823
30478
31053
31715
32124
32732
33384
34026
34679
35197
35732
36369
37092
37727
38457
38906
39574
40290
40996
41713
42281
42866
43563
44354
45049
45847
46336
47064
47844
48614
49395
50013
50648
51405
52264
53019
53885
54414
55202
56046
56880
57725
58393
59078
59895
60822
61637
62571
63140
63988
64896
65794
66703
67421
68156
69033
70028
70903
71905
72514
73422
74394
75356
76329
77097
77882
78819
79882
80817
81887
82536
83504
84540
85566
86603
87421
88256
89253
90384
91379
92517
93206
94234
95334
96424
97525
98393
99278
100335
101534
102589
103795
104524
105612
106776
107930
109095
110013
110948
112065
113332
114447
115721
116490
117638
118866
120084
121313
122281
123266
124443
125778
126953
128295
129104
130312
131604
132886
134179
135197
136232
137469
138872
140107
141517
142366
143634
144990
146336
147693
148761
149846
151143
152614
153909
155387
156276
157604
159024
160434
161855
162973
164108
165465
167004
168359
169905
170834
172222
173706
175180
176665
177833
179018
180435
182042
183457
185071
186040
187488
189036
190574
192123
193341
194576
196053
197728
199203
200885
201894
203402
205014
206616
208229
209497
210782
212319
214062
215597
217347
218396
219964
221640
223306
224983
226301
227636
229233
231044
232639
234457
235546
237174
238914
240644
242385
243753
245138
246795
248674
250329
252215
253344
255032
256836
258630
260435
261853
263288
265005
266952
268667
270621
271790
273538
275406
277264
279133
280601
282086
283863
285878
287653
289675
290884
292692
294624
296546
298479
299997
301532
303369
305452
307287
309377
310626
312494
314490
316476
318473
320041
321626
323523
325674
327569
329727
331016
332944
335004
337054
339115
340733
342368
344325
346544
348499
350725
352054
354042
356166
358280
360405
362073
363758
365775
368062
370077
372371
373740
375788
377976
380154
382343
384061
385796
387873
390228
392303
394665
396074
398182
400434
402676
404929
406697
408482
410619
413042
415177
417607
419056
421224
423540
425846
428163
429981
431816
434013
436504
438699
441197
442686
444914
447294
449664
452045
453913
455798
458055
460614
462869
465435
466964
469252
471696
474130
476575
478493
480428
482745
485372
487687
490321
491890
494238
496746
499244
501753
503721
505706
508083
510778
513153
515855
517464
519872
522444
525006
527579
529597
531632
534069
536832
539267
542037
543686
546154
548790
551416
554053
556121
558206
560703
563534
566029
568867
570556
573084
575784
578474
581175
583293
585428
587985
590884
593439
596345
598074
600662
603426
606180
608945
611113
613298
615915
618882
621497
624471
626240
628888
631716
634534
637363
639581
641816
644493
647528
650203
653245
655054
657762
660654
663536
666429
668697
