2
4
5
13
1
5
27
1
5
1
6
1
3
4
4
11
3
4
2
10
1
4
2
1
1
12
28
7
2
1
8
3
11
4
1
2
9
10
1
2
4
4
3
10
1
2
3
25
35
7
11
4
14
25
8
1
1
4
6
6
3
80
9
2
6
3
3
9
3
6
4
3
1
1
17
6
6
3
36
6
3
2
2
2
8
22
2
2
44
14
2
14
5
29
2
1
3
5
1
1
1
15
6
1
20
10
6
13
13
2
4
4
2
8
9
1
3
2
3
2
1
4
3
6
24
2
3
2
6
3
4
4
10
3
4
8
24
9
2
6
7
2
2
1
1
2
3
17
3
2
8
5
9
2
2
38
15
4
2
1
15
2
3
3
11
1
7
7
1
26
11
3
3
3
6
2
21
2
4
3
5
4
3
1
2
1
3
1
6
16
40
1
1
2
36
16
2
1
2
10
7
9
16
3
3
9
2
3
3
1
12
4
1
24
9
5
21
1
4
25
1
1
2
3
20
4
123
9
1
2
11
4
7
7
5
2
11
1
2
3
4
2
8
9
2
7
7
14
6
2
7
1
6
1
53
14
4
4
2
4
3
21
4
11
9
30
1
10
2
3
3
6
1
7
9
7
9
21
10
6
6
8
7
6
3
2
2
13
63
1
7
10
1
12
3
6
3
3
5
8
24
12
3
2
6
9
13
15
2
6
3
6
4
3
2
1
4
3
7
4
44
2
2
2
12
16
2
14
2
6
1
2
2
2
27
2
4
20
3
2
20
4
2
2
4
2
3
1
3
3
10
3
2
3
8
3
4
3
1
6
3
2
1
3
2
3
7
1
3
1
8
6
5
1
3
1
2
1
36
5
2
6
1
6
4
1
3
8
2
3
6
1
2
24
9
5
18
13
6
8
2
2
7
2
5
4
21
1
3
11
2
2
1
7
10
5
2
32
20
4
3
45
1
5
6
16
2
4
3
2
2
2
4
22
4
3
5
9
3
2
1
1
3
2
8
9
1
2
22
1
6
2
1
15
2
6
2
4
6
10
7
2
2
2
1
7
4
2
1
1
10
1
3
2
34
5
6
3
1
1
7
3
2
7
6
2
10
1
6
2
4
1
2
4
2
4
4
15
12
1
7
3
6
1
19
2
2
4
1
60
6
21
20
2
2
5
5
2
31
16
3
2
2
3
18
6
35
4
8
22
3
3
6
1
4
2
54
1
195
4
1
3
2
10
4
1
14
12
26
6
3
2
8
3
2
1
3
4
4
3
8
6
4
1
7
3
15
1
9
2
1
5
1
14
3
6
4
8
3
15
2
3
8
25
5
1
2
4
13
1
2
12
6
2
2
10
13
4
2
4
1
4
24
4
6
3
3
6
7
4
2
1
16
1
1
6
10
1
1
17
3
2
4
4
5
11
7
5
19
3
1
6
9
2
4
22
7
1
4
21
40
2
6
12
35
6
12
1
11
40
1
8
1
15
9
20
3
6
2
6
1
1
1
2
8
3
8
54
5
1
3
2
9
1
1
4
62
1
2
9
2
12
3
3
3
4
6
4
2
1
10
2
2
2
80
2
5
4
4
8
2
7
4
2
10
15
4
20
3
8
38
20
2
5
3
4
1
8
3
2
6
2
1
2
9
2
4
7
2
2
20
9
91
7
2
1
4
17
6
6
2
2
4
13
2
3
3
6
8
4
2
3
2
4
3
1
14
2
4
1
8
3
2
8
2
9
1
1
2
6
2
3
2
4
5
1
1
5
4
1
3
4
3
3
1
2
6
8
4
2
5
3
2
6
1
1
3
3
6
1
48
3
1
3
2
3
13
5
6
6
6
10
2
5
3
13
2
1
4
3
1
1
1
5
2
2
1
5
5
3
23
14
10
40
56
3
3
1
3
2
2
3
22
1
3
15
3
1
6
3
12
6
20
1
4
23
2
4
2
1
1
6
9
4
3
4
1
12
2
1
2
14
24
15
13
2
3
7
3
8
5
5
1
12
6
2
5
1
7
3
1
1
2
1
13
6
5
3
2
8
36
1
1
5
15
17
1
3
2
3
2
5
3
1
1
1
2
7
3
5
1
6
2
4
2
6
8
6
7
1
4
4
6
24
1
6
5
8
3
10
21
4
1
3
4
2
5
6
5
3
2
10
1
1
6
10
1
6
6
1
1
3
5
1
4
2
1
1
4
1
8
2
2
1
4
2
3
14
5
2
2
3
8
3
1
13
2
3
2
4
1
4
1
5
3
13
11
22
2
3
